3529 1 1
3529 2 0
3529 3 1
3529 4 0
3529 5 0
3529 6 0
3529 7 1
3529 8 0
3529 9 0
3529 10 0
3529 11 0
3529 12 0
3529 13 0
3529 14 0
3529 15 0
3529 16 0
4058 1 0
4058 2 1
4058 3 0
4058 4 0
4058 5 0
4058 6 0
4058 7 0
4058 8 1
4058 9 1
4058 10 0
4058 11 0
4058 12 0
4058 13 0
4058 14 0
4058 15 0
4058 16 0
4587 1 0
4587 2 0
4587 3 0
4587 4 1
4587 5 0
4587 6 0
4587 7 0
4587 8 0
4587 9 0
4587 10 0
4587 11 1
4587 12 0
4587 13 0
4587 14 0
4587 15 0
4587 16 0
4962 1 0
4962 2 0
4962 3 0
4962 4 0
4962 5 1
4962 6 0
4962 7 0
4962 8 0
4962 9 0
4962 10 1
4962 11 0
4962 12 0
4962 13 0
4962 14 0
4962 15 0
4962 16 0
5500 1 0
5500 2 0
5500 3 0
5500 4 0
5500 5 0
5500 6 1
5500 7 0
5500 8 0
5500 9 0
5500 10 0
5500 11 0
5500 12 0
5500 13 0
5500 14 0
5500 15 0
5500 16 0
6043 1 0
6043 2 0
6043 3 0
6043 4 0
6043 5 0
6043 6 0
6043 7 0
6043 8 0
6043 9 0
6043 10 0
6043 11 0
6043 12 1
6043 13 0
6043 14 0
6043 15 0
6043 16 0
6409 1 0
6409 2 0
6409 3 0
6409 4 0
6409 5 0
6409 6 0
6409 7 0
6409 8 0
6409 9 0
6409 10 0
6409 11 0
6409 12 0
6409 13 0
6409 14 1
6409 15 1
6409 16 1
6902 1 0
6902 2 0
6902 3 0
6902 4 0
6902 5 0
6902 6 0
6902 7 0
6902 8 0
6902 9 0
6902 10 0
6902 11 0
6902 12 0
6902 13 1
6902 14 0
6902 15 0
6902 16 0
7459 1 0
7459 2 0
7459 3 0
7459 4 0
7459 5 0
7459 6 0
7459 7 0
7459 8 0
7459 9 0
7459 10 0
7459 11 0
7459 12 0
7459 13 1
7459 14 1
7459 15 1
7459 16 1
7811 1 0
7811 2 0
7811 3 0
7811 4 0
7811 5 0
7811 6 0
7811 7 0
7811 8 0
7811 9 0
7811 10 0
7811 11 0
7811 12 0
7811 13 0
7811 14 0
7811 15 0
7811 16 0
8873 1 0
8873 2 0
8873 3 0
8873 4 0
8873 5 0
8873 6 0
8873 7 0
8873 8 0
8873 9 0
8873 10 0
8873 11 0
8873 12 0
8873 13 1
8873 14 1
8873 15 0
8873 16 0
9221 1 0
9221 2 0
9221 3 0
9221 4 0
9221 5 0
9221 6 1
9221 7 0
9221 8 0
9221 9 0
9221 10 0
9221 11 0
9221 12 1
9221 13 1
9221 14 1
9221 15 1
9221 16 1
9749 1 0
9749 2 0
9749 3 0
9749 4 1
9749 5 0
9749 6 0
9749 7 0
9749 8 0
9749 9 0
9749 10 0
9749 11 0
9749 12 0
9749 13 0
9749 14 0
9749 15 0
9749 16 0
10289 1 0
10289 2 0
10289 3 0
10289 4 0
10289 5 0
10289 6 0
10289 7 0
10289 8 0
10289 9 0
10289 10 1
10289 11 0
10289 12 0
10289 13 0
10289 14 0
10289 15 0
10289 16 0
10632 1 0
10632 2 0
10632 3 0
10632 4 0
10632 5 0
10632 6 0
10632 7 0
10632 8 0
10632 9 0
10632 10 0
10632 11 1
10632 12 0
10632 13 0
10632 14 0
10632 15 0
10632 16 0
11154 1 0
11154 2 0
11154 3 0
11154 4 0
11154 5 1
11154 6 0
11154 7 0
11154 8 0
11154 9 0
11154 10 0
11154 11 0
11154 12 0
11154 13 0
11154 14 0
11154 15 0
11154 16 0
11697 1 1
11697 2 1
11697 3 1
11697 4 0
11697 5 0
11697 6 0
11697 7 0
11697 8 0
11697 9 0
11697 10 0
11697 11 0
11697 12 0
11697 13 0
11697 14 0
11697 15 0
11697 16 0
12045 1 0
12045 2 0
12045 3 0
12045 4 0
12045 5 0
12045 6 0
12045 7 1
12045 8 1
12045 9 1
12045 10 0
12045 11 0
12045 12 0
12045 13 0
12045 14 0
12045 15 0
12045 16 0
12574 1 0
12574 2 0
12574 3 0
12574 4 0
12574 5 0
12574 6 0
12574 7 0
12574 8 0
12574 9 0
12574 10 0
12574 11 0
12574 12 0
12574 13 0
12574 14 0
12574 15 0
12574 16 0
13520 1 1
13520 2 1
13520 3 1
13520 4 0
13520 5 0
13520 6 0
13520 7 1
13520 8 1
13520 9 1
13520 10 0
13520 11 0
13520 12 0
13520 13 0
13520 14 0
13520 15 0
13520 16 0
14579 1 0
14579 2 1
14579 3 1
14579 4 0
14579 5 0
14579 6 0
14579 7 1
14579 8 1
14579 9 1
14579 10 0
14579 11 0
14579 12 0
14579 13 0
14579 14 0
14579 15 0
14579 16 0
14954 1 1
14954 2 0
14954 3 1
14954 4 0
14954 5 0
14954 6 0
14954 7 1
14954 8 1
14954 9 1
14954 10 0
14954 11 0
14954 12 0
14954 13 0
14954 14 0
14954 15 0
14954 16 0
15499 1 1
15499 2 1
15499 3 0
15499 4 0
15499 5 0
15499 6 0
15499 7 1
15499 8 1
15499 9 1
15499 10 0
15499 11 0
15499 12 0
15499 13 0
15499 14 0
15499 15 0
15499 16 0
16013 1 1
16013 2 1
16013 3 1
16013 4 0
16013 5 0
16013 6 0
16013 7 1
16013 8 1
16013 9 0
16013 10 0
16013 11 0
16013 12 0
16013 13 0
16013 14 0
16013 15 0
16013 16 0
16390 1 1
16390 2 1
16390 3 1
16390 4 0
16390 5 0
16390 6 0
16390 7 1
16390 8 0
16390 9 1
16390 10 0
16390 11 0
16390 12 0
16390 13 0
16390 14 0
16390 15 0
16390 16 0
16913 1 1
16913 2 1
16913 3 1
16913 4 0
16913 5 0
16913 6 0
16913 7 0
16913 8 1
16913 9 1
16913 10 0
16913 11 0
16913 12 0
16913 13 0
16913 14 0
16913 15 0
16913 16 0
17435 1 0
17435 2 0
17435 3 0
17435 4 1
17435 5 0
17435 6 0
17435 7 0
17435 8 0
17435 9 0
17435 10 1
17435 11 1
17435 12 0
17435 13 0
17435 14 0
17435 15 0
17435 16 0
17816 1 0
17816 2 0
17816 3 0
17816 4 0
17816 5 1
17816 6 0
17816 7 0
17816 8 0
17816 9 0
17816 10 1
17816 11 1
17816 12 0
17816 13 0
17816 14 0
17816 15 0
17816 16 0
18318 1 0
18318 2 0
18318 3 0
18318 4 1
18318 5 1
18318 6 0
18318 7 0
18318 8 0
18318 9 0
18318 10 0
18318 11 1
18318 12 0
18318 13 0
18318 14 0
18318 15 0
18318 16 0
18811 1 1
18811 2 1
18811 3 1
18811 4 1
18811 5 1
18811 6 1
18811 7 1
18811 8 1
18811 9 1
18811 10 1
18811 11 1
18811 12 1
18811 13 1
18811 14 1
18811 15 1
18811 16 1
19212 1 0
19212 2 0
19212 3 0
19212 4 0
19212 5 0
19212 6 0
19212 7 0
19212 8 0
19212 9 0
19212 10 0
19212 11 0
19212 12 0
19212 13 0
19212 14 0
19212 15 0
19212 16 0
25419   1	1
25419	2	1
25419	3	1
25419	4	0
25419	5	0
25419	6	0
25419	7	1
25419	8	1
25419	9	1
25419	10	0
25419	11	0
25419	12	0
25419	13	0
25419	14	0
25419	15	0
25419	16	0
26815	1	0
26815	2	0
26815	3	0
26815	4	1
26815	5	1
26815	6	0
26815	7	0
26815	8	0
26815	9	0
26815	10	1
26815	11	1
26815	12	0
26815	13	0
26815	14	0
26815	15	0
26815	16	0
27848	1	0
27848	2	0
27848	3	0
27848	4	0
27848	5	0
27848	6	1
27848	7	0
27848	8	0
27848	9	0
27848	10	0
27848	11	0
27848	12	1
27848	13	0
27848	14	0
27848	15	0
27848	16	0
29041	1	0
29041	2	0
29041	3	0
29041	4	0
29041	5	0
29041	6	0
29041	7	0
29041	8	0
29041	9	0
29041	10	0
29041	11	0
29041	12	0
29041	13	0
29041	14	0
29041	15	1
29041	16	1
29959	1	0
29959	2	0
29959	3	0
29959	4	0
29959	5	0
29959	6	0
29959	7	0
29959	8	0
29959	9	0
29959	10	0
29959	11	0
29959	12	0
29959	13	0
29959	14	0
29959	15	0
29959	16	0
31284	1	0
31284	2	0
31284	3	0
31284	4	0
31284	5	0
31284	6	0
31284	7	0
31284	8	0
31284	9	0
31284	10	0
31284	11	0
31284	12	0
31284	13	1
31284	14	1
31284	15	0
31284	16	0
32594	1	0
32594	2	0
32594	3	0
32594	4	0
32594	5	0
32594	6	0
32594	7	0
32594	8	0
32594	9	0
32594	10	0
32594	11	0
32594	12	0
32594	13	0
32594	14	0
32594	15	1
32594	16	1
33640	1	0
33640	2	0
33640	3	0
33640	4	0
33640	5	0
33640	6	0
33640	7	0
33640	8	0
33640	9	0
33640	10	0
33640	11	0
33640	12	0
33640	13	0
33640	14	1
33640	15	0
33640	16	0
34602	1	0
34602	2	0
34602	3	0
34602	4	0
34602	5	0
34602	6	0
34602	7	0
34602	8	0
34602	9	0
34602	10	0
34602	11	0
34602	12	0
34602	13	1
34602	14	0
34602	15	0
34602	16	0
35310	1	0
35310	2	0
35310	3	0
35310	4	0
35310	5	0
35310	6	0
35310	7	0
35310	8	0
35310	9	0
35310	10	0
35310	11	0
35310	12	0
35310	13	1
35310	14	1
35310	15	0
35310	16	0
35804	1	0
35804	2	0
35804	3	0
35804	4	0
35804	5	0
35804	6	0
35804	7	0
35804	8	0
35804	9	0
35804	10	0
35804	11	0
35804	12	0
35804	13	1
35804	14	1
35804	15	1
35804	16	1
36720	1	0
36720	2	0
36720	3	0
36720	4	0
36720	5	0
36720	6	1
36720	7	0
36720	8	0
36720	9	0
36720	10	0
36720	11	0
36720	12	0
36720	13	0
36720	14	0
36720	15	0
36720	16	0
37610	1	0
37610	2	0
37610	3	0
37610	4	0
37610	5	0
37610	6	0
37610	7	0
37610	8	0
37610	9	0
37610	10	0
37610	11	0
37610	12	1
37610	13	0
37610	14	0
37610	15	0
37610	16	0
38956	1	0
38956	2	0
38956	3	0
38956	4	1
38956	5	1
38956	6	0
38956	7	0
38956	8	0
38956	9	0
38956	10	0
38956	11	0
38956	12	0
38956	13	0
38956	14	0
38956	15	0
38956	16	0
39853	1	0
39853	2	0
39853	3	0
39853	4	0
39853	5	0
39853	6	0
39853	7	0
39853	8	0
39853	9	0
39853	10	1
39853	11	1
39853	12	0
39853	13	0
39853	14	0
39853	15	0
39853	16	0
40506	1	0
40506	2	1
40506	3	0
40506	4	0
40506	5	0
40506	6	0
40506	7	0
40506	8	0
40506	9	0
40506	10	0
40506	11	0
40506	12	0
40506	13	0
40506	14	0
40506	15	0
40506	16	0
41678	1	0
41678	2	0
41678	3	0
41678	4	0
41678	5	0
41678	6	0
41678	7	0
41678	8	1
41678	9	0
41678	10	0
41678	11	0
41678	12	0
41678	13	0
41678	14	0
41678	15	0
41678	16	0
42590	1	1
42590	2	0
42590	3	0
42590	4	0
42590	5	0
42590	6	0
42590	7	0
42590	8	0
42590	9	1
42590	10	0
42590	11	0
42590	12	0
42590	13	0
42590	14	0
42590	15	0
42590	16	0
43453	1	1
43453	2	0
43453	3	0
43453	4	0
43453	5	0
43453	6	0
43453	7	0
43453	8	0
43453	9	1
43453	10	0
43453	11	0
43453	12	0
43453	13	0
43453	14	0
43453	15	0
43453	16	0
44339	1	0
44339	2	0
44339	3	1
44339	4	0
44339	5	0
44339	6	0
44339	7	1
44339	8	0
44339	9	0
44339	10	0
44339	11	0
44339	12	0
44339	13	0
44339	14	0
44339	15	0
44339	16	0
46164	1	0
46164	2	0
46164	3	1
46164	4	0
46164	5	0
46164	6	0
46164	7	1
46164	8	0
46164	9	0
46164	10	0
46164	11	0
46164	12	0
46164	13	0
46164	14	0
46164	15	0
46164	16	0
46232	1	0
46232	2	1
46232	3	0
46232	4	0
46232	5	0
46232	6	0
46232	7	0
46232	8	1
46232	9	0
46232	10	0
46232	11	0
46232	12	0
46232	13	0
46232	14	0
46232	15	0
46232	16	0
48956	1	0
48956	2	0
48956	3	0
48956	4	1
48956	5	0
48956	6	0
48956	7	0
48956	8	0
48956	9	0
48956	10	0
48956	11	1
48956	12	0
48956	13	0
48956	14	0
48956	15	0
48956	16	0
49872	1	0
49872	2	0
49872	3	0
49872	4	0
49872	5	1
49872	6	0
49872	7	0
49872	8	0
49872	9	0
49872	10	1
49872	11	0
49872	12	0
49872	13	0
50605	1	0
50605	2	0
50605	3	0
50605	4	0
50605	5	0
50605	6	1
50605	7	0
50605	8	0
50605	9	0
50605	10	0
50605	11	0
50605	12	1
50605	13	0
50605	14	0
50605	15	0
50605	16	0
49872	14	0
49872	15	0
49872	16	0
51188	1	0
51188	2	0
51188	3	0
51188	4	0
51188	5	1
51188	6	0
51188	7	0
51188	8	0
51188	9	0
51188	10	1
51188	11	0
51188	12	0
51188	13	0
51188	14	0
51188	15	0
51188	16	0
51820	1	0
51820	2	0
51820	3	0
51820	4	1
51820	5	0
51820	6	0
51820	7	0
51820	8	0
51820	9	0
51820	10	0
51820	11	1
51820	12	0
51820	13	0
51820	14	0
51820	15	0
51820	16	0
52724	1	0
52724	2	0
52724	3	0
52724	4	1
52724	5	1
52724	6	0
52724	7	0
52724	8	0
52724	9	0
52724	10	1
52724	11	1
52724	12	0
52724	13	0
52724	14	0
52724	15	0
52724	16	0
52853	1	1
52853	2	0
52853	3	0
52853	4	1
52853	5	1
52853	6	0
52853	7	0
52853	8	0
52853	9	0
52853	10	1
52853	11	1
52853	12	0
52853	13	0
52853	14	0
52853	15	0
52853	16	0
52924	1	1
52924	2	0
52924	3	0
52924	4	1
52924	5	1
52924	6	0
52924	7	0
52924	8	1
52924	9	0
52924	10	1
52924	11	1
52924	12	0
52924	13	0
52924	14	0
52924	15	0
52924	16	0
53264	1	1
53264	2	0
53264	3	1
53264	4	1
53264	5	1
53264	6	0
53264	7	0
53264	8	1
53264	9	0
53264	10	1
53264	11	1
53264	12	0
53264	13	0
53264	14	0
53264	15	0
53264	16	0
53391	1	1
53391	2	1
53391	3	1
53391	4	1
53391	5	1
53391	6	0
53391	7	0
53391	8	1
53391	9	0
53391	10	1
53391	11	1
53391	12	0
53391	13	0
53391	14	0
53391	15	0
53391	16	0
53511	1	1
53511	2	1
53511	3	1
53511	4	1
53511	5	1
53511	6	0
53511	7	1
53511	8	1
53511	9	0
53511	10	1
53511	11	1
53511	12	0
53511	13	0
53511	14	0
53511	15	0
53511	16	0
53624	1	1
53624	2	1
53624	3	1
53624	4	1
53624	5	1
53624	6	0
53624	7	1
53624	8	1
53624	9	1
53624	10	1
53624	11	1
53624	12	0
53624	13	0
53624	14	0
53624	15	0
53624	16	0
53923	1	1
53923	2	1
53923	3	1
53923	4	1
53923	5	1
53923	6	1
53923	7	1
53923	8	1
53923	9	1
53923	10	1
53923	11	1
53923	12	0
53923	13	0
53923	14	0
53923	15	0
53923	16	0
54432	1	1
54432	2	1
54432	3	1
54432	4	1
54432	5	1
54432	6	1
54432	7	1
54432	8	1
54432	9	1
54432	10	1
54432	11	1
54432	12	1
54432	13	0
54432	14	0
54432	15	0
54432	16	0
54847	1	1
54847	2	1
54847	3	1
54847	4	1
54847	5	1
54847	6	1
54847	7	1
54847	8	1
54847	9	1
54847	10	1
54847	11	1
54847	12	1
54847	13	1
54847	14	1
54847	15	1
54847	16	1
56096	1	1
56096	2	1
56096	3	1
56096	4	1
56096	5	1
56096	6	1
56096	7	1
56096	8	1
56096	9	1
56096	10	1
56096	11	1
56096	12	1
56096	13	0
56096	14	0
56096	15	0
56096	16	0
56520	1	1
56520	2	1
56520	3	1
56520	4	1
56520	5	0
56520	6	1
56520	7	1
56520	8	1
56520	9	1
56520	10	1
56520	11	1
56520	12	1
56520	13	0
56520	14	0
56520	15	0
56520	16	0
56995	1	1
56995	2	1
56995	3	1
56995	4	1
56995	5	0
56995	6	1
56995	7	1
56995	8	0
56995	9	1
56995	10	1
56995	11	1
56995	12	1
56995	13	0
56995	14	0
56995	15	0
56995	16	0
57438	1	1
57438	2	1
57438	3	1
57438	4	1
57438	5	0
57438	6	1
57438	7	1
57438	8	0
57438	9	1
57438	10	0
57438	11	1
57438	12	1
57438	13	0
57438	14	0
57438	15	0
57438	16	0
57942	1	1
57942	2	1
57942	3	0
57942	4	1
57942	5	0
57942	6	1
57942	7	1
57942	8	0
57942	9	1
57942	10	0
57942	11	1
57942	12	1
57942	13	0
57942	14	0
57942	15	0
57942	16	0
58414	1	1
58414	2	1
58414	3	0
58414	4	0
58414	5	0
58414	6	1
58414	7	1
58414	8	0
58414	9	1
58414	10	0
58414	11	1
58414	12	1
58414	13	0
58414	14	0
58414	15	0
58414	16	0
58748	1	1
58748	2	1
58748	3	0
58748	4	0
58748	5	0
58748	6	1
58748	7	0
58748	8	0
58748	9	1
58748	10	0
58748	11	1
58748	12	1
58748	13	0
58748	14	0
58748	15	0
58748	16	0
59234	1	0
59234	2	0
59234	3	0
59234	4	0
59234	5	0
59234	6	0
59234	7	0
59234	8	0
59234	9	0
59234	10	0
59234	11	0
59234	12	0
59234	13	0
59234	14	0
59234	15	0
59234	16	0
59654 1 1
59654 2 1
59654 3 1
59654 4 1
59654 5 1
59654 6 1
59654 7 1
59654 8 1
59654 9 1
59654 10 1
59654 11 1
59654 12 1
59654 13 1
59654 14 1
59654 15 1
59654 16 1
60562	1	0
60562	2	0
60562	3	0
60562	4	0
60562	5	0
60562	6	0
60562	7	0
60562	8	0
60562	9	0
60562	10	0
60562	11	0
60562	12	0
60562	13	0
60562	14	0
60562	15	0
60562	16	0
61484 1 1
61484 2 1
61484 3 1
61484 4 1
61484 5 1
61484 6 1
61484 7 1
61484 8 1
61484 9 1
61484 10 1
61484 11 1
61484 12 1
61484 13 1
61484 14 1
61484 15 1
61484 16 1
61965 1 0
61965 2 0
61965 3 0
61965 4 0
61965 5 0
61965 6 0
61965 7 0
61965 8 0
61965 9 0
61965 10 0
61965 11 0
61965 12 0
61965 13 0
61965 14 0
61965 15 0
61965 16 0
62356 1 1
62356 2 1
62356 3 1
62356 4 1
62356 5 1
62356 6 1
62356 7 1
62356 8 1
62356 9 1
62356 10 1
62356 11 1
62356 12 1
62356 13 1
62356 14 1
62356 15 1
62356 16 1
63390	1	0
63390	2	0
63390	3	0
63390	4	0
63390	5	0
63390	6	0
63390	7	0
63390	8	0
63390	9	0
63390	10	0
63390	11	0
63390	12	0
63390	13	0
63390	14	0
63390	15	0
63390	16	0
64229 1 1
64229 2 1
64229 3 1
64229 4 1
64229 5 1
64229 6 1
64229 7 0
64229 8 0
64229 9 0
64229 10 0
64229 11 0
64229 12 0
64229 13 0
64229 14 0
64229 15 0
64229 16 0
65870 1 0
65870 2 0
65870 3 0
65870 4 0
65870 5 0
65870 6 0
65870 7 1
65870 8 1
65870 9 1
65870 10 1
65870 11 1
65870 12 1
65870 13 0
65870 14 0
65870 15 0
65870 16 0
69560	1	0
69560	2	0
69560	3	0
69560	4	0
69560	5	0
69560	6	0
69560	7	0
69560	8	0
69560	9	0
69560	10	0
69560	11	0
69560	12	0
69560	13	1
69560	14	1
69560	15	1
69560	16	1
70490	1	0
70490	2	0
70490	3	0
70490	4	0
70490	5	0
70490	6	0
70490	7	0
70490	8	0
70490	9	0
70490	10	0
70490	11	0
70490	12	0
70490	13	0
70490	14	0
70490	15	0
70490	16	0
71423	1	1
71423	2	1
71423	3	1
71423	4	0
71423	5	0
71423	6	0
71423	7	0
71423	8	0
71423	9	0
71423	10	0
71423	11	0
71423	12	0
71423	13	0
71423	14	0
71423	15	0
71423	16	0
72277	1	0
72277	2	1
72277	3	1
72277	4	0
72277	5	0
72277	6	0
72277	7	0
72277	8	0
72277	9	1
72277	10	0
72277	11	0
72277	12	0
72277	13	0
72277	14	0
72277	15	0
72277	16	0
73648	1	0
73648	2	0
73648	3	1
73648	4	0
73648	5	0
73648	6	0
73648	7	0
73648	8	1
73648	9	1
73648	10	0
73648	11	0
73648	12	0
73648	13	0
73648	14	0
73648	15	0
73648	16	0
74969	1	0
74969	2	0
74969	3	0
74969	4	0
74969	5	0
74969	6	0
74969	7	1
74969	8	1
74969	9	1
74969	10	0
74969	11	0
74969	12	0
74969	13	0
74969	14	0
74969	15	0
74969	16	0
75883	1	1
75883	2	0
75883	3	0
75883	4	0
75883	5	0
75883	6	0
75883	7	1
75883	8	1
75883	9	0
75883	10	0
75883	11	0
75883	12	0
75883	13	0
75883	14	0
75883	15	0
75883	16	0
76807	1	1
76807	2	1
76807	3	0
76807	4	0
76807	5	0
76807	6	0
76807	7	1
76807	8	0
76807	9	0
76807	10	0
76807	11	0
76807	12	0
76807	13	0
76807	14	0
76807	15	0
76807	16	0
77691	1	1
77691	2	1
77691	3	1
77691	4	0
77691	5	0
77691	6	0
77691	7	0
77691	8	0
77691	9	0
77691	10	0
77691	11	0
77691	12	0
77691	13	0
77691	14	0
77691	15	0
77691	16	0
78585	1	0
78585	2	1
78585	3	1
78585	4	0
78585	5	0
78585	6	0
78585	7	0
78585	8	0
78585	9	0
78585	10	0
78585	11	1
78585	12	0
78585	13	0
78585	14	0
78585	15	0
78585	16	0
79278	1	0
79278	2	0
79278	3	1
79278	4	0
79278	5	0
79278	6	0
79278	7	0
79278	8	0
79278	9	0
79278	10	1
79278	11	1
79278	12	0
79278	13	0
79278	14	0
79278	15	0
79278	16	0
80368	1	0
80368	2	0
80368	3	0
80368	4	1
80368	5	0
80368	6	0
80368	7	0
80368	8	0
80368	9	0
80368	10	1
80368	11	1
80368	12	0
80368	13	0
80368	14	0
80368	15	0
80368	16	0
81187	1	0
81187	2	0
81187	3	0
81187	4	1
81187	5	1
81187	6	0
81187	7	0
81187	8	0
81187	9	0
81187	10	1
81187	11	0
81187	12	0
81187	13	0
81187	14	0
81187	15	0
81187	16	0
82327	1	0
82327	2	0
82327	3	0
82327	4	1
82327	5	1
82327	6	0
82327	7	0
82327	8	0
82327	9	0
82327	10	0
82327	11	1
82327	12	0
82327	13	0
82327	14	0
82327	15	0
82327	16	0
84023 1 1
84023 2 1
84023 3 1
84023 4 1
84023 5 1
84023 6 1
84023 7 1
84023 8 1
84023 9 1
84023 10 1
84023 11 1
84023 12 1
84023 13 1
84023 14 1
84023 15 1
84023 16 1
84923	1	0
84923	2	0
84923	3	0
84923	4	0
84923	5	0
84923	6	0
84923	7	0
84923	8	0
84923	9	0
84923	10	0
84923	11	0
84923	12	0
84923	13	0
84923	14	0
84923	15	0
84923	16	0
85340	1	1
85340	2	1
85340	3	1
85340	4	1
85340	5	1
85340	6	1
85340	7	1
85340	8	1
85340	9	1
85340	10	1
85340	11	1
85340	12	1
85340	13	1
85340	14	1
85340	15	1
85340	16	1
85925	1	0
85925	2	0
85925	3	0
85925	4	0
85925	5	0
85925	6	0
85925	7	0
85925	8	0
85925	9	0
85925	10	0
85925	11	0
85925	12	0
85925	13	0
85925	14	0
85925	15	0
85925	16	0
86794	1	1
86794	2	1
86794	3	1
86794	4	0
86794	5	0
86794	6	0
86794	7	1
86794	8	1
86794	9	1
86794	10	0
86794	11	0
86794	12	0
86794	13	0
86794	14	0
86794	15	0
86794	16	0
87060	1	0
87060	2	0
87060	3	0
87060	4	0
87060	5	0
87060	6	0
87060	7	0
87060	8	0
87060	9	0
87060	10	0
87060	11	0
87060	12	0
87060	13	0
87060	14	0
87060	15	0
87060	16	0
87522	1	0
87522	2	0
87522	3	0
87522	4	1
87522	5	1
87522	6	0
87522	7	0
87522	8	0
87522	9	0
87522	10	1
87522	11	1
87522	12	0
87522	13	0
87522	14	0
87522	15	0
87522	16	0
88376	1	0
88376	2	0
88376	3	0
88376	4	0
88376	5	0
88376	6	0
88376	7	0
88376	8	0
88376	9	0
88376	10	0
88376	11	0
88376	12	0
88376	13	0
88376	14	0
88376	15	0
88376	16	0
89361	1	1
89361	2	1
89361	3	1
89361	4	1
89361	5	1
89361	6	1
89361	7	1
89361	8	1
89361	9	1
89361	10	1
89361	11	1
89361	12	1
89361	13	1
89361	14	1
89361	15	1
89361	16	1
89508	1	1
89508	2	1
89508	3	1
89508	4	1
89508	5	1
89508	6	1
89508	7	1
89508	8	1
89508	9	1
89508	10	1
89508	11	1
89508	12	1
89508	13	0
89508	14	1
89508	15	1
89508	16	1
89655	1	1
89655	2	1
89655	3	1
89655	4	1
89655	5	1
89655	6	1
89655	7	1
89655	8	1
89655	9	1
89655	10	1
89655	11	1
89655	12	1
89655	13	0
89655	14	0
89655	15	1
89655	16	1
89802	1	1
89802	2	1
89802	3	1
89802	4	1
89802	5	1
89802	6	1
89802	7	1
89802	8	1
89802	9	1
89802	10	1
89802	11	1
89802	12	1
89802	13	0
89802	14	0
89802	15	0
89802	16	1
89949	1	1
89949	2	1
89949	3	1
89949	4	1
89949	5	1
89949	6	1
89949	7	1
89949	8	1
89949	9	1
89949	10	1
89949	11	1
89949	12	1
89949	13	0
89949	14	0
89949	15	0
89949	16	0
90096	1	1
90096	2	1
90096	3	1
90096	4	1
90096	5	1
90096	6	1
90096	7	1
90096	8	1
90096	9	1
90096	10	1
90096	11	1
90096	12	0
90096	13	0
90096	14	0
90096	15	0
90096	16	0
90243	1	1
90243	2	1
90243	3	1
90243	4	1
90243	5	1
90243	6	0
90243	7	1
90243	8	1
90243	9	1
90243	10	1
90243	11	1
90243	12	0
90243	13	0
90243	14	0
90243	15	0
90243	16	0
90390	1	1
90390	2	1
90390	3	1
90390	4	0
90390	5	1
90390	6	0
90390	7	1
90390	8	1
90390	9	1
90390	10	1
90390	11	1
90390	12	0
90390	13	0
90390	14	0
90390	15	0
90390	16	0
90537	1	1
90537	2	1
90537	3	1
90537	4	0
90537	5	1
90537	6	0
90537	7	1
90537	8	1
90537	9	1
90537	10	0
90537	11	1
90537	12	0
90537	13	0
90537	14	0
90537	15	0
90537	16	0
90684	1	1
90684	2	1
90684	3	1
90684	4	0
90684	5	1
90684	6	0
90684	7	1
90684	8	1
90684	9	1
90684	10	0
90684	11	0
90684	12	0
90684	13	0
90684	14	0
90684	15	0
90684	16	0
90831	1	1
90831	2	1
90831	3	1
90831	4	0
90831	5	0
90831	6	0
90831	7	1
90831	8	1
90831	9	1
90831	10	0
90831	11	0
90831	12	0
90831	13	0
90831	14	0
90831	15	0
90831	16	0
90978	1	1
90978	2	0
90978	3	1
90978	4	0
90978	5	0
90978	6	0
90978	7	1
90978	8	1
90978	9	1
90978	10	0
90978	11	0
90978	12	0
90978	13	0
90978	14	0
90978	15	0
90978	16	0
91125	1	0
91125	2	0
91125	3	1
91125	4	0
91125	5	0
91125	6	0
91125	7	1
91125	8	1
91125	9	1
91125	10	0
91125	11	0
91125	12	0
91125	13	0
91125	14	0
91125	15	0
91125	16	0
91272	1	0
91272	2	0
91272	3	1
91272	4	0
91272	5	0
91272	6	0
91272	7	0
91272	8	1
91272	9	1
91272	10	0
91272	11	0
91272	12	0
91272	13	0
91272	14	0
91272	15	0
91272	16	0
91419	1	0
91419	2	0
91419	3	1
91419	4	0
91419	5	0
91419	6	0
91419	7	0
91419	8	0
91419	9	1
91419	10	0
91419	11	0
91419	12	0
91419	13	0
91419	14	0
91419	15	0
91419	16	0
91566	1	0
91566	2	0
91566	3	1
91566	4	0
91566	5	0
91566	6	0
91566	7	0
91566	8	0
91566	9	0
91566	10	0
91566	11	0
91566	12	0
91566	13	0
91566	14	0
91566	15	0
91566	16	0
91724	1	0
91724	2	0
91724	3	0
91724	4	0
91724	5	0
91724	6	0
91724	7	0
91724	8	0
91724	9	0
91724	10	0
91724	11	0
91724	12	0
91724	13	0
91724	14	0
91724	15	0
91724	16	0
96239	1	0
96239	2	0
96239	3	0
96239	4	0
96239	5	0
96239	6	0
96239	7	0
96239	8	0
96239	9	0
96239	10	0
96239	11	0
96239	12	0
96239	13	0
96239	14	0
96239	15	0
96239	16	0
135936	1	0
135936	2	0
135936	3	0
135936	4	0
135936	5	0
135936	6	0
135936	7	0
135936	8	0
135936	9	0
135936	10	0
135936	11	0
135936	12	0
135936	13	0
135936	14	0
135936	15	0
135936	16	0
136619	1	1
136619	2	1
136619	3	0
136619	4	0
136619	5	0
136619	6	0
136619	7	1
136619	8	1
136619	9	0
136619	10	0
136619	11	0
136619	12	0
136619	13	0
136619	14	0
136619	15	0
136619	16	0
137121	1	0
137121	2	1
137121	3	1
137121	4	0
137121	5	0
137121	6	0
137121	7	0
137121	8	1
137121	9	1
137121	10	0
137121	11	0
137121	12	0
137121	13	0
137121	14	0
137121	15	0
137121	16	0
137945	1	1
137945	2	1
137945	3	1
137945	4	0
137945	5	0
137945	6	0
137945	7	0
137945	8	0
137945	9	0
137945	10	0
137945	11	0
137945	12	0
137945	13	0
137945	14	0
137945	15	0
137945	16	0
138769	1	0
138769	2	0
138769	3	0
138769	4	0
138769	5	0
138769	6	0
138769	7	1
138769	8	1
138769	9	1
138769	10	0
138769	11	0
138769	12	0
138769	13	0
138769	14	0
138769	15	0
138769	16	0
139904	1	0
139904	2	0
139904	3	0
139904	4	1
139904	5	0
139904	6	0
139904	7	0
139904	8	0
139904	9	0
139904	10	1
139904	11	0
139904	12	0
139904	13	0
139904	14	0
139904	15	0
139904	16	0
141029	1	0
141029	2	0
141029	3	0
141029	4	0
141029	5	1
141029	6	0
141029	7	0
141029	8	0
141029	9	0
141029	10	0
141029	11	1
141029	12	0
141029	13	0
141029	14	0
141029	15	0
141029	16	0
141621	1	0
141621	2	0
141621	3	0
141621	4	1
141621	5	1
141621	6	0
141621	7	0
141621	8	0
141621	9	0
141621	10	0
141621	11	0
141621	12	0
141621	13	0
141621	14	0
141621	15	0
141621	16	0
142415	1	0
142415	2	0
142415	3	0
142415	4	0
142415	5	0
142415	6	0
142415	7	0
142415	8	0
142415	9	0
142415	10	1
142415	11	1
142415	12	0
142415	13	0
142415	14	0
142415	15	0
142415	16	0
143339	1	0
143339	2	0
143339	3	0
143339	4	0
143339	5	0
143339	6	0
143339	7	0
143339	8	0
143339	9	0
143339	10	0
143339	11	0
143339	12	0
143339	13	0
143339	14	0
143339	15	0
143339	16	0
144384	1	1
144384	2	0
144384	3	0
144384	4	0
144384	5	0
144384	6	0
144384	7	1
144384	8	1
144384	9	0
144384	10	0
144384	11	0
144384	12	0
144384	13	0
144384	14	0
144384	15	0
144384	16	0
144996	1	1
144996	2	1
144996	3	0
144996	4	0
144996	5	0
144996	6	0
144996	7	1
144996	8	0
144996	9	0
144996	10	0
144996	11	0
144996	12	0
144996	13	0
144996	14	0
144996	15	0
144996	16	0
145258	1	1
145258	2	1
145258	3	1
145258	4	0
145258	5	0
145258	6	0
145258	7	0
145258	8	0
145258	9	0
145258	10	0
145258	11	0
145258	12	0
145258	13	0
145258	14	0
145258	15	0
145258	16	0
145569	1	0
145569	2	1
145569	3	1
145569	4	0
145569	5	0
145569	6	0
145569	7	0
145569	8	0
145569	9	1
145569	10	0
145569	11	0
145569	12	0
145569	13	0
145569	14	0
145569	15	0
145569	16	0
145830	1	0
145830	2	0
145830	3	1
145830	4	0
145830	5	0
145830	6	0
145830	7	0
145830	8	1
145830	9	1
145830	10	0
145830	11	0
145830	12	0
145830	13	0
145830	14	0
145830	15	0
145830	16	0
146041	1	0
146041	2	0
146041	3	0
146041	4	0
146041	5	0
146041	6	0
146041	7	1
146041	8	1
146041	9	1
146041	10	0
146041	11	0
146041	12	0
146041	13	0
146041	14	0
146041	15	0
146041	16	0
146305	1	1
146305	2	0
146305	3	0
146305	4	0
146305	5	0
146305	6	0
146305	7	1
146305	8	0
146305	9	0
146305	10	0
146305	11	0
146305	12	0
146305	13	0
146305	14	0
146305	15	0
146305	16	0
146601	1	1
146601	2	1
146601	3	0
146601	4	0
146601	5	0
146601	6	0
146601	7	0
146601	8	0
146601	9	0
146601	10	0
146601	11	0
146601	12	0
146601	13	0
146601	14	0
146601	15	0
146601	16	0
146875	1	0
146875	2	1
146875	3	1
146875	4	0
146875	5	0
146875	6	0
146875	7	0
146875	8	0
146875	9	0
146875	10	0
146875	11	0
146875	12	0
146875	13	0
146875	14	0
146875	15	0
146875	16	0
147169	1	0
147169	2	0
147169	3	1
147169	4	0
147169	5	0
147169	6	0
147169	7	0
147169	8	0
147169	9	1
147169	10	0
147169	11	0
147169	12	0
147169	13	0
147169	14	0
147169	15	0
147169	16	0
147510	1	0
147510	2	0
147510	3	0
147510	4	0
147510	5	0
147510	6	0
147510	7	0
147510	8	1
147510	9	1
147510	10	0
147510	11	0
147510	12	0
147510	13	0
147510	14	0
147510	15	0
147510	16	0
147842	1	0
147842	2	0
147842	3	0
147842	4	0
147842	5	0
147842	6	0
147842	7	1
147842	8	0
147842	9	0
147842	10	0
147842	11	0
147842	12	0
147842	13	0
147842	14	0
147842	15	0
147842	16	0
148296	1	1
148296	2	0
148296	3	0
148296	4	0
148296	5	0
148296	6	0
148296	7	0
148296	8	0
148296	9	0
148296	10	0
148296	11	0
148296	12	0
148296	13	0
148296	14	0
148296	15	0
148296	16	0
148668	1	0
148668	2	1
148668	3	0
148668	4	0
148668	5	0
148668	6	0
148668	7	0
148668	8	0
148668	9	0
148668	10	0
148668	11	0
148668	12	0
148668	13	0
148668	14	0
148668	15	0
148668	16	0
149130	1	0
149130	2	0
149130	3	1
149130	4	0
149130	5	0
149130	6	0
149130	7	0
149130	8	0
149130	9	0
149130	10	0
149130	11	0
149130	12	0
149130	13	0
149130	14	0
149130	15	0
149130	16	0
149419	1	0
149419	2	0
149419	3	0
149419	4	0
149419	5	0
149419	6	0
149419	7	0
149419	8	0
149419	9	1
149419	10	0
149419	11	0
149419	12	0
149419	13	0
149419	14	0
149419	15	0
149419	16	0
149851	1	0
149851	2	0
149851	3	0
149851	4	0
149851	5	0
149851	6	0
149851	7	0
149851	8	1
149851	9	0
149851	10	0
149851	11	0
149851	12	0
149851	13	0
149851	14	0
149851	15	0
149851	16	0
150159	1	0
150159	2	0
150159	3	0
150159	4	0
150159	5	0
150159	6	0
150159	7	0
150159	8	0
150159	9	0
150159	10	1
150159	11	0
150159	12	0
150159	13	0
150159	14	0
150159	15	0
150159	16	0
150628	1	0
150628	2	0
150628	3	0
150628	4	1
150628	5	0
150628	6	0
150628	7	0
150628	8	0
150628	9	0
150628	10	0
150628	11	0
150628	12	0
150628	13	0
150628	14	0
150628	15	0
150628	16	0
150846	1	0
150846	2	0
150846	3	0
150846	4	0
150846	5	1
150846	6	0
150846	7	0
150846	8	0
150846	9	0
150846	10	0
150846	11	0
150846	12	0
150846	13	0
150846	14	0
150846	15	0
150846	16	0
151629	1	0
151629	2	0
151629	3	0
151629	4	0
151629	5	0
151629	6	0
151629	7	0
151629	8	0
151629	9	0
151629	10	0
151629	11	1
151629	12	0
151629	13	0
151629	14	0
151629	15	0
151629	16	0
152158	1	0
152158	2	0
152158	3	0
152158	4	0
152158	5	0
152158	6	0
152158	7	0
152158	8	0
152158	9	0
152158	10	1
152158	11	0
152158	12	0
152158	13	0
152158	14	0
152158	15	0
152158	16	0
152512	1	0
152512	2	0
152512	3	0
152512	4	1
152512	5	0
152512	6	0
152512	7	0
152512	8	0
152512	9	0
152512	10	0
152512	11	0
152512	12	0
152512	13	0
152512	14	0
152512	15	0
152512	16	0
152794	1	0
152794	2	0
152794	3	0
152794	4	0
152794	5	1
152794	6	0
152794	7	0
152794	8	0
152794	9	0
152794	10	0
152794	11	0
152794	12	0
152794	13	0
152794	14	0
152794	15	0
152794	16	0
153160	1	0
153160	2	0
153160	3	0
153160	4	0
153160	5	0
153160	6	0
153160	7	0
153160	8	0
153160	9	0
153160	10	0
153160	11	1
153160	12	0
153160	13	0
153160	14	0
153160	15	0
153160	16	0
153545	1	0
153545	2	0
153545	3	0
153545	4	0
153545	5	0
153545	6	0
153545	7	0
153545	8	0
153545	9	0
153545	10	0
153545	11	0
153545	12	1
153545	13	0
153545	14	1
153545	15	0
153545	16	0
153939	1	0
153939	2	0
153939	3	0
153939	4	0
153939	5	0
153939	6	1
153939	7	0
153939	8	0
153939	9	0
153939	10	0
153939	11	0
153939	12	0
153939	13	0
153939	14	0
153939	15	0
153939	16	0
154228	1	0
154228	2	0
154228	3	0
154228	4	0
154228	5	0
154228	6	1
154228	7	0
154228	8	0
154228	9	0
154228	10	0
154228	11	0
154228	12	0
154228	13	0
154228	14	0
154228	15	0
154228	16	0
154481	1	0
154481	2	0
154481	3	0
154481	4	0
154481	5	0
154481	6	0
154481	7	0
154481	8	0
154481	9	0
154481	10	0
154481	11	0
154481	12	0
154481	13	0
154481	14	0
154481	15	1
154481	16	1
154740	1	0
154740	2	0
154740	3	0
154740	4	0
154740	5	0
154740	6	0
154740	7	0
154740	8	0
154740	9	0
154740	10	0
154740	11	0
154740	12	0
154740	13	0
154740	14	1
154740	15	0
154740	16	0
155049	1	0
155049	2	0
155049	3	0
155049	4	0
155049	5	0
155049	6	0
155049	7	0
155049	8	0
155049	9	0
155049	10	0
155049	11	0
155049	12	0
155049	13	1
155049	14	0
155049	15	0
155049	16	0
155584	1	0
155584	2	0
155584	3	0
155584	4	0
155584	5	0
155584	6	0
155584	7	0
155584	8	0
155584	9	0
155584	10	0
155584	11	0
155584	12	0
155584	13	1
155584	14	1
155584	15	0
155584	16	0
156136	1	0
156136	2	0
156136	3	0
156136	4	0
156136	5	0
156136	6	0
156136	7	0
156136	8	0
156136	9	0
156136	10	0
156136	11	0
156136	12	0
156136	13	0
156136	14	0
156136	15	0
156136	16	0
205728	1	0
205728	2	0
205728	3	0
205728	4	0
205728	5	0
205728	6	0
205728	7	0
205728	8	0
205728	9	0
205728	10	0
205728	11	0
205728	12	0
205728	13	0
205728	14	0
205728	15	0
205728	16	0
219674 1 1
219674 2 0
219674 3 0
219674 4 0
219674 5 0
219674 6 0
219674 7 0
219674 8 0
219674 9 0
219674 10 0
219674 11 0
219674 12 0
219674 13 0
219674 14 0
219674 15 0
219674 16 0
220525 1 0
220525 2 1
220525 3 0
220525 4 0
220525 5 0
220525 6 0
220525 7 0
220525 8 0
220525 9 0
220525 10 0
220525 11 0 
220525 12 0
220525 13 0
220525 14 0
220525 15 0
220525 16 0
222392 1 0
222392 2 0
222392 3 1
222392 4 0
222392 5 0
222392 6 0
222392 7 0
222392 8 0
222392 9 0
222392 10 0
222392 11 0
222392 12 0
222392 13 0
222392 14 0
222392 15 0
222392 16 0
223111 1 0
223111 2 0
223111 3 0
223111 4 0
223111 5 0
223111 6 0
223111 7 0
223111 8 0
223111 9 1
223111 10 0
223111 11 0
223111 12 0
223111 13 0
223111 14 0
223111 15 0
223111 16 0
223963 1 0
223963 2 0
223963 3 0
223963 4 0
223963 5 0
223963 6 0
223963 7 0
223963 8 1
223963 9 0
223963 10 0
223963 11 0
223963 12 0
223963 13 0
223963 14 0
223963 15 0
223963 16 0
224833 1 0
224833 2 0
224833 3 0
224833 4 0
224833 5 0
224833 6 0
224833 7 1
224833 8 0
224833 9 0
224833 10 0
224833 11 0
224833 12 0
224833 13 0
224833 14 0
224833 15 0
224833 16 0
225766 1 0
225766 2 0
225766 3 0
225766 4 0
225766 5 0
225766 6 0
225766 7 0
225766 8 0
225766 9 0
225766 10 1
225766 11 0
225766 12 0
225766 13 0
225766 14 0
225766 15 0
225766 16 0
226537 1 0
226537 2 0
226537 3 0
226537 4 1
226537 5 0
226537 6 0
226537 7 0
226537 8 0
226537 9 0
226537 10 0
226537 11 0
226537 12 0
226537 13 0
226537 14 0
226537 15 0
226537 16 0
227396 1 0
227396 2 0
227396 3 0
227396 4 0
227396 5 1
227396 6 0
227396 7 0
227396 8 0
227396 9 0
227396 10 0
227396 11 0
227396 12 0
227396 13 0
227396 14 0
227396 15 0
227396 16 0
228295 1 0
228295 2 0
228295 3 0
228295 4 0
228295 5 0
228295 6 0
228295 7 0
228295 8 0
228295 9 0
228295 10 0
228295 11 1
228295 12 0
228295 13 0
228295 14 0
228295 15 0
228295 16 0
229107 1 0
229107 2 0
229107 3 0
229107 4 0
229107 5 0
229107 6 0
229107 7 0
229107 8 0
229107 9 0
229107 10 0
229107 11 0
229107 12 1
229107 13 0
229107 14 0
229107 15 0
229107 16 0
229952 1 0
229952 2 0
229952 3 0
229952 4 0
229952 5 0
229952 6 1
229952 7 0
229952 8 0
229952 9 0
229952 10 0
229952 11 0
229952 12 0
229952 13 0
229952 14 0
229952 15 0
229952 16 0
230815 1 0
230815 2 0
230815 3 0
230815 4 0
230815 5 0
230815 6 0
230815 7 0
230815 8 0
230815 9 0
230815 10 0
230815 11 0
230815 12 0
230815 13 0
230815 14 0
230815 15 1
230815 16 0
231689 1 0
231689 2 0
231689 3 0
231689 4 0
231689 5 0
231689 6 0
231689 7 0
231689 8 0
231689 9 0
231689 10 0
231689 11 0
231689 12 0
231689 13 0
231689 14 0
231689 15 0
231689 16 1
233396 1 0
233396 2 0
233396 3 0
233396 4 0
233396 5 0
233396 6 0
233396 7 0
233396 8 0
233396 9 0
233396 10 0
233396 11 0
233396 12 0
233396 13 0
233396 14 0
233396 15 0
233396 16 0
234382 1 1
234382 2 1
234382 3 1
234382 4 1
234382 5 1
234382 6 1
234382 7 1
234382 8 1
234382 9 1
234382 10 1
234382 11 1
234382 12 1
234382 13 1
234382 14 1
234382 15 1
234382 16 1
235108 1 0
235108 2 0
235108 3 0
235108 4 0
235108 5 0
235108 6 0
235108 7 0
235108 8 0
235108 9 0
235108 10 0
235108 11 0
235108 12 0
235108 13 0
235108 14 0
235108 15 0
235108 16 0
236834 1 1
236834 2 1
236834 3 1
236834 4 0
236834 5 0
236834 6 0
236834 7 1
236834 8 1
236834 9 1
236834 10 0
236834 11 0
236834 12 0
236834 13 0
236834 14 0
236834 15 0
236834 16 0
237693 1 1
237693 2 1
237693 3 1
237693 4 1
237693 5 1
237693 6 0
237693 7 1
237693 8 1
237693 9 1
237693 10 1
237693 11 1
237693 12 0
237693 13 0
237693 14 0
237693 15 0
237693 16 0
238567 1 1
238567 2 1
238567 3 1
238567 4 1
238567 5 1
238567 6 1
238567 7 1
238567 8 1
238567 9 1
238567 10 1
238567 11 1
238567 12 1
238567 13 0
238567 14 0
238567 15 0
238567 16 0
239408 1 1
239408 2 1
239408 3 1
239408 4 1
239408 5 1
239408 6 1
239408 7 1
239408 8 1
239408 9 1
239408 10 1
239408 11 1
239408 12 1
239408 13 1
239408 14 1
239408 15 1
239408 16 1
240249 1 1
240249 2 1
240249 3 1
240249 4 1
240249 5 1
240249 6 1
240249 7 1
240249 8 1
240249 9 1
240249 10 1
240249 11 1
240249 12 1
240249 13 1
240249 14 1
240249 15 1
240249 16 1
241245 1 1
241245 2 1
241245 3 1
241245 4 1
241245 5 1
241245 6 1
241245 7 1
241245 8 1
241245 9 1
241245 10 1
241245 11 1
241245 12 1
241245 13 1
241245 14 1
241245 15 1
241245 16 1
242019 1 1
242019 2 1
242019 3 1
242019 4 1
242019 5 1
242019 6 1
242019 7 1
242019 8 1
242019 9 1
242019 10 1
242019 11 1
242019 12 1
242019 13 1
242019 14 1
242019 15 1
242019 16 1
242886 1 1
242886 2 1
242886 3 1
242886 4 1
242886 5 1
242886 6 1
242886 7 1
242886 8 1
242886 9 1
242886 10 1
242886 11 1
242886 12 1
242886 13 1
242886 14 1
242886 15 1
242886 16 1
243682 1 0
243682 2 0
243682 3 0
243682 4 0
243682 5 0
243682 6 0
243682 7 0
243682 8 0
243682 9 0
243682 10 0
243682 11 0
243682 12 0
243682 13 0
243682 14 0
243682 15 0
243682 16 0
246523 1 0
246523 2 0
246523 3 0
246523 4 0
246523 5 0
246523 6 1
246523 7 0
246523 8 0
246523 9 0
246523 10 0
246523 11 0
246523 12 1
246523 13 1
246523 14 1
246523 15 1
246523 16 1
246693 1 0
246693 2 0
246693 3 0
246693 4 1
246693 5 1
246693 6 1
246693 7 0
246693 8 0
246693 9 0
246693 10 1
246693 11 1
246693 12 1
246693 13 1
246693 14 1
246693 15 1
246693 16 1
246827 1 1
246827 2 1
246827 3 1
246827 4 1
246827 5 1
246827 6 1
246827 7 1
246827 8 1
246827 9 1
246827 10 1
246827 11 1
246827 12 1
246827 13 1
246827 14 1
246827 15 1
246827 16 1
247393 1 0
247393 2 0
247393 3 0
247393 4 0
247393 5 0
247393 6 0
247393 7 0
247393 8 0
247393 9 0
247393 10 0
247393 11 0
247393 12 0
247393 13 0
247393 14 0
247393 15 0
247393 16 0
248408 1 1
248408 2 0
248408 3 1
248408 4 0
248408 5 0
248408 6 0
248408 7 0
248408 8 1
248408 9 0
248408 10 0
248408 11 0
248408 12 0
248408 13 1
248408 14 1
248408 15 1
248408 16 1
249816 1 0
249816 2 0
249816 3 0
249816 4 0
249816 5 0
249816 6 0
249816 7 0
249816 8 0
249816 9 0
249816 10 0
249816 11 0
249816 12 0
249816 13 0
249816 14 0
249816 15 0
249816 16 0
250542 1 0
250542 2 1
250542 3 0
250542 4 0
250542 5 0
250542 6 0
250542 7 1
250542 8 0
250542 9 1
250542 10 0
250542 11 0
250542 12 0
250542 13 1
250542 14 1
250542 15 1
250542 16 1
251386 1 0
251386 2 0
251386 3 0
251386 4 0
251386 5 0
251386 6 0
251386 7 0
251386 8 0
251386 9 0
251386 10 0
251386 11 0
251386 12 0
251386 13 0
251386 14 0
251386 15 0
251386 16 0
252312 1 0
252312 2 0
252312 3 0
252312 4 1
252312 5 1
252312 6 0
252312 7 0
252312 8 0
252312 9 0
252312 10 1
252312 11 1
252312 12 0
252312 13 1
252312 14 1
252312 15 1
252312 16 1
253101 1 0
253101 2 0
253101 3 0
253101 4 0
253101 5 0
253101 6 0
253101 7 0
253101 8 0
253101 9 0
253101 10 0
253101 11 0
253101 12 0
253101 13 0
253101 14 0
253101 15 0
253101 16 0
254009 1 1
254009 2 0
254009 3 0
254009 4 0
254009 5 0
254009 6 0
254009 7 0
254009 8 0
254009 9 0
254009 10 0
254009 11 0
254009 12 0
254009 13 0
254009 14 0
254009 15 0
254009 16 0
254875 1 1
254875 2 1
254875 3 0
254875 4 0
254875 5 0
254875 6 0
254875 7 0
254875 8 0
254875 9 0
254875 10 0
254875 11 0
254875 12 0
254875 13 0
254875 14 0
254875 15 0
254875 16 0
255705 1 1
255705 2 1
255705 3 1
255705 4 0
255705 5 0
255705 6 0
255705 7 0
255705 8 0
255705 9 0
255705 10 0
255705 11 0
255705 12 0
255705 13 0
255705 14 0
255705 15 0
255705 16 0
256549 1 1
256549 2 1
256549 3 1
256549 4 0
256549 5 0
256549 6 0
256549 7 0
256549 8 0
256549 9 1
256549 10 0
256549 11 0
256549 12 0
256549 13 0
256549 14 0
256549 15 0
256549 16 0
257424 1 1
257424 2 1
257424 3 1
257424 4 0
257424 5 0
257424 6 0
257424 7 0
257424 8 1
257424 9 1
257424 10 0
257424 11 0
257424 12 0
257424 13 0
257424 14 0
257424 15 0
257424 16 0
258268 1 1
258268 2 1
258268 3 1
258268 4 0
258268 5 0
258268 6 0
258268 7 1
258268 8 1
258268 9 1
258268 10 0
258268 11 0
258268 12 0
258268 13 0
258268 14 0
258268 15 0
258268 16 0
259120 1 1
259120 2 1
259120 3 1
259120 4 0
259120 5 0
259120 6 0
259120 7 1
259120 8 1
259120 9 1
259120 10 1
259120 11 0
259120 12 0
259120 13 0
259120 14 0
259120 15 0
259120 16 0
259909 1 1
259909 2 1
259909 3 1
259909 4 1
259909 5 0
259909 6 0
259909 7 1
259909 8 1
259909 9 1
259909 10 1
259909 11 0
259909 12 0
259909 13 0
259909 14 0
259909 15 0
259909 16 0
260698 1 1
260698 2 1
260698 3 1
260698 4 1
260698 5 1
260698 6 0
260698 7 1
260698 8 1
260698 9 1
260698 10 1
260698 11 0
260698 12 0
260698 13 0
260698 14 0
260698 15 0
260698 16 0
261272 1 1
261272 2 1
261272 3 1
261272 4 1
261272 5 1
261272 6 0
261272 7 1
261272 8 1
261272 9 1
261272 10 1
261272 11 1
261272 12 0
261272 13 0
261272 14 0
261272 15 0
261272 16 0
261690 1 1
261690 2 1
261690 3 1
261690 4 1
261690 5 1
261690 6 0
261690 7 1
261690 8 1
261690 9 1
261690 10 1
261690 11 1
261690 12 0
261690 13 0
261690 14 0
261690 15 0
261690 16 0
262164 1 1
262164 2 1
262164 3 1
262164 4 1
262164 5 1
262164 6 0
262164 7 1
262164 8 1
262164 9 1
262164 10 1
262164 11 0
262164 12 0
262164 13 0
262164 14 0
262164 15 0
262164 16 0
262565 1 1
262565 2 1
262565 3 1
262565 4 1
262565 5 0
262565 6 0
262565 7 1
262565 8 1
262565 9 1
262565 10 1
262565 11 0
262565 12 0
262565 13 0
262565 14 0
262565 15 0
262565 16 0
263005 1 1
263005 2 1
263005 3 1
263005 4 0
263005 5 0
263005 6 0
263005 7 1
263005 8 1
263005 9 1
263005 10 1
263005 11 0
263005 12 0
263005 13 0
263005 14 0
263005 15 0
263005 16 0
263439 1 1
263439 2 1
263439 3 1
263439 4 0
263439 5 0
263439 6 0
263439 7 1
263439 8 1
263439 9 1
263439 10 0
263439 11 0
263439 12 0
263439 13 0
263439 14 0
263439 15 0
263439 16 0
263842 1 1
263842 2 1
263842 3 1
263842 4 0
263842 5 0
263842 6 0
263842 7 0
263842 8 1
263842 9 1
263842 10 0
263842 11 0
263842 12 0
263842 13 0
263842 14 0
263842 15 0
263842 16 0
264261 1 1
264261 2 1
264261 3 1
264261 4 0
264261 5 0
264261 6 0
264261 7 0
264261 8 0
264261 9 1
264261 10 0
264261 11 0
264261 12 0
264261 13 0
264261 14 0
264261 15 0
264261 16 0
264720 1 1
264720 2 1
264720 3 1
264720 4 0
264720 5 0
264720 6 0
264720 7 0
264720 8 0
264720 9 0
264720 10 0
264720 11 0
264720 12 0
264720 13 0
264720 14 0
264720 15 0
264720 16 0
265150 1 1
265150 2 1
265150 3 0
265150 4 0
265150 5 0
265150 6 0
265150 7 0
265150 8 0
265150 9 0
265150 10 0
265150 11 0
265150 12 0
265150 13 0
265150 14 0
265150 15 0
265150 16 0
265576 1 1
265576 2 0
265576 3 0
265576 4 0
265576 5 0
265576 6 0
265576 7 0
265576 8 0
265576 9 0
265576 10 0
265576 11 0
265576 12 0
265576 13 0
265576 14 0
265576 15 0
265576 16 0
266024 1 0
266024 2 0
266024 3 0
266024 4 0
266024 5 0
266024 6 0
266024 7 0
266024 8 0
266024 9 0
266024 10 0
266024 11 0
266024 12 0
266024 13 0
266024 14 0
266024 15 0
266024 16 0
266813 1 1
266813 2 1
266813 3 1
266813 4 1
266813 5 1
266813 6 1
266813 7 1
266813 8 1
266813 9 1
266813 10 1
266813 11 1
266813 12 1
266813 13 1
266813 14 1
266813 15 1
266813 16 1
267739 1 0
267739 2 0
267739 3 0
267739 4 0
267739 5 0
267739 6 0
267739 7 0
267739 8 0
267739 9 0
267739 10 0
267739 11 0
267739 12 0
267739 13 0
267739 14 0
267739 15 0
267739 16 0
268580 1 0
268580 2 0
268580 3 1
268580 4 0
268580 5 0
268580 6 0
268580 7 0
268580 8 1
268580 9 0
268580 10 0
268580 11 0
268580 12 0
268580 13 1
268580 14 1
268580 15 0
268580 16 0
269702 1 0
269702 2 0
269702 3 0
269702 4 0
269702 5 0
269702 6 0
269702 7 0
269702 8 1
269702 9 0
269702 10 0
269702 11 0
269702 12 1
269702 13 1
269702 14 1
269702 15 0
269702 16 0
270432 1 0
270432 2 0
270432 3 0
270432 4 0
270432 5 0
270432 6 0
270432 7 0
270432 8 0
270432 9 0
270432 10 0
270432 11 1
270432 12 1
270432 13 1
270432 14 1
270432 15 0
270432 16 0
271135 1 0
271135 2 0
271135 3 0
271135 4 0
271135 5 0
271135 6 0
271135 7 0
271135 8 1
271135 9 0
271135 10 0
271135 11 1
271135 12 0
271135 13 1
271135 14 1
271135 15 0
271135 16 0
272002 1 0
272002 2 0
272002 3 0
272002 4 0
272002 5 0
272002 6 0
272002 7 0
272002 8 1
272002 9 1
272002 10 0
272002 11 0
272002 12 0
272002 13 1
272002 14 1
272002 15 0
272002 16 0
272869 1 0
272869 2 0
272869 3 0
272869 4 1
272869 5 0
272869 6 0
272869 7 0
272869 8 0
272869 9 1
272869 10 0
272869 11 0
272869 12 0
272869 13 1
272869 14 1
272869 15 0
272869 16 0
273037 1 0
273037 2 0
273037 3 0
273037 4 1
273037 5 0
273037 6 0
273037 7 1
273037 8 0
273037 9 0
273037 10 0
273037 11 0
273037 12 0
273037 13 1
273037 14 1
273037 15 0
273037 16 0
273820 1 0
273820 2 0
273820 3 1
273820 4 0
273820 5 0
273820 6 0
273820 7 1
273820 8 0
273820 9 0
273820 10 0
273820 11 0
273820 12 0
273820 13 1
273820 14 1
273820 15 0
273820 16 0
274645 1 0
274645 2 0
274645 3 1
274645 4 0
274645 5 0
274645 6 0
274645 7 0
274645 8 0
274645 9 1
274645 10 0
274645 11 0
274645 12 0
274645 13 1
274645 14 1
274645 15 0
274645 16 0
275470 1 0
275470 2 0
275470 3 0
275470 4 0
275470 5 0
275470 6 1
275470 7 0
275470 8 0
275470 9 1
275470 10 0
275470 11 0
275470 12 0
275470 13 1
275470 14 1
275470 15 0
275470 16 0
276305 1 0
276305 2 0
276305 3 0
276305 4 0
276305 5 0
276305 6 1
276305 7 1
276305 8 0
276305 9 0
276305 10 0
276305 11 0
276305 12 0
276305 13 1
276305 14 1
276305 15 0
276305 16 0
277165 1 0
277165 2 0
277165 3 0
277165 4 0
277165 5 0
277165 6 0
277165 7 1
277165 8 0
277165 9 0
277165 10 0
277165 11 1
277165 12 0
277165 13 1
277165 14 1
277165 15 0
277165 16 0
278886 1 0
278886 2 1
278886 3 0
278886 4 0
278886 5 0
278886 6 0
278886 7 0
278886 8 0
278886 9 0
278886 10 0
278886 11 1
278886 12 0
278886 13 1
278886 14 1
278886 15 0
278886 16 0
279727 1 0
279727 2 1
279727 3 0
279727 4 0
279727 5 0
279727 6 0
279727 7 0
279727 8 0
279727 9 0
279727 10 1
279727 11 0
279727 12 0
279727 13 1
279727 14 1
279727 15 0
279727 16 0
280565 1 0
280565 2 0
280565 3 0
280565 4 0
280565 5 1
280565 6 0
280565 7 0
280565 8 0
280565 9 0
280565 10 1
280565 11 0
280565 12 0
280565 13 1
280565 14 1
280565 15 0
280565 16 0
281417 1 0
281417 2 1
281417 3 0
281417 4 1
281417 5 1
281417 6 1
281417 7 0
281417 8 0
281417 9 0
281417 10 0
281417 11 0
281417 12 0
281417 13 1
281417 14 1
281417 15 1
281417 16 1
282414 1 0
282414 2 0
282414 3 0
282414 4 0
282414 5 0
282414 6 0
282414 7 0
282414 8 1
282414 9 0
282414 10 1
282414 11 1
282414 12 1
282414 13 1
282414 14 1
282414 15 1
282414 16 1
283916 1 0
283916 2 1
283916 3 0
283916 4 1
283916 5 1
283916 6 1
283916 7 0
283916 8 1
283916 9 0
283916 10 1
283916 11 1
283916 12 1
283916 13 1
283916 14 1
283916 15 1
283916 16 1
284930 1 1
284930 2 1
284930 3 1
284930 4 1
284930 5 1
284930 6 1
284930 7 1
284930 8 1
284930 9 1
284930 10 1
284930 11 1
284930 12 1
284930 13 1
284930 14 1
284930 15 1
284930 16 1
285751 1 0
285751 2 0
285751 3 0
285751 4 0
285751 5 0
285751 6 0
285751 7 0
285751 8 0
285751 9 0
285751 10 0
285751 11 0
285751 12 0
285751 13 1
285751 14 1
285751 15 1
285751 16 1
286597 1 0
286597 2 0
286597 3 0
286597 4 1
286597 5 0
286597 6 0
286597 7 0
286597 8 0
286597 9 0
286597 10 0
286597 11 0
286597 12 0
286597 13 1
286597 14 1
286597 15 1
286597 16 1
287455 1 1
287455 2 0
287455 3 0
287455 4 1
287455 5 0
287455 6 0
287455 7 0
287455 8 0
287455 9 0
287455 10 0
287455 11 0
287455 12 0
287455 13 1
287455 14 1
287455 15 1
287455 16 1
288317 1 0
288317 2 0
288317 3 0
288317 4 0
288317 5 0
288317 6 0
288317 7 0
288317 8 0
288317 9 0
288317 10 0
288317 11 0
288317 12 0
288317 13 0
288317 14 0
288317 15 0
288317 16 0
289186 1 0
289186 2 0
289186 3 0
289186 4 0
289186 5 0
289186 6 0
289186 7 0
289186 8 0
289186 9 0
289186 10 0
289186 11 0
289186 12 0
289186 13 1
289186 14 1
289186 15 1
289186 16 1
290068 1 0
290068 2 0
290068 3 0
290068 4 0
290068 5 0
290068 6 0
290068 7 0
290068 8 0
290068 9 0
290068 10 1
290068 11 0
290068 12 0
290068 13 1
290068 14 1
290068 15 1
290068 16 1
290892 1 0
290892 2 0
290892 3 0
290892 4 0
290892 5 0
290892 6 0
290892 7 1
290892 8 0
290892 9 0
290892 10 1
290892 11 0
290892 12 0
290892 13 1
290892 14 1
290892 15 1
290892 16 1
291761 1 0
291761 2 0
291761 3 0
291761 4 0
291761 5 0
291761 6 0
291761 7 0
291761 8 0
291761 9 0
291761 10 0
291761 11 0
291761 12 0
291761 13 0
291761 14 0
291761 15 0
291761 16 0
292618 1 0
292618 2 0
292618 3 0
292618 4 0
292618 5 0
292618 6 0
292618 7 0
292618 8 0
292618 9 0
292618 10 0
292618 11 0
292618 12 0
292618 13 1
292618 14 1
292618 15 1
292618 16 1
293432 1 0
293432 2 0
293432 3 0
293432 4 0
293432 5 0
293432 6 0
293432 7 0
293432 8 0
293432 9 0
293432 10 0
293432 11 0
293432 12 1
293432 13 1
293432 14 1
293432 15 1
293432 16 1
294289 1 0
294289 2 0
294289 3 0
294289 4 0
294289 5 0
294289 6 0
294289 7 0
294289 8 1
294289 9 0
294289 10 0
294289 11 0
294289 12 1
294289 13 1
294289 14 1
294289 15 1
294289 16 1
295196 1 0
295196 2 0
295196 3 0
295196 4 0
295196 5 0
295196 6 0
295196 7 0
295196 8 0
295196 9 0
295196 10 0
295196 11 0
295196 12 0
295196 13 0
295196 14 0
295196 15 0
295196 16 0
296004 1 0
296004 2 0
296004 3 0
296004 4 0
296004 5 0
296004 6 0
296004 7 0
296004 8 0
296004 9 0
296004 10 0
296004 11 0
296004 12 0
296004 13 1
296004 14 1
296004 15 1
296004 16 1
296878 1 0
296878 2 0
296878 3 0
296878 4 0
296878 5 0
296878 6 0
296878 7 0
296878 8 0
296878 9 0
296878 10 0
296878 11 1
296878 12 0
296878 13 1
296878 14 1
296878 15 1
296878 16 1
297719 1 0
297719 2 0
297719 3 0
297719 4 0
297719 5 0
297719 6 0
297719 7 0
297719 8 0
297719 9 1
297719 10 0
297719 11 1
297719 12 0
297719 13 1
297719 14 1
297719 15 1
297719 16 1
298540 1 0
298540 2 0
298540 3 0
298540 4 0
298540 5 0
298540 6 0
298540 7 0
298540 8 0
298540 9 0
298540 10 0
298540 11 0
298540 12 0
298540 13 0
298540 14 0
298540 15 0
298540 16 0
299481 1 0
299481 2 0
299481 3 0
299481 4 0
299481 5 0
299481 6 0
299481 7 0
299481 8 0
299481 9 0
299481 10 0
299481 11 0
299481 12 0
299481 13 1
299481 14 1
299481 15 1
299481 16 1
300274 1 0
300274 2 0
300274 3 0
300274 4 0
300274 5 1
300274 6 0
300274 7 0
300274 8 0
300274 9 0
300274 10 0
300274 11 0
300274 12 0
300274 13 1
300274 14 1
300274 15 1
300274 16 1
301096 1 0
301096 2 0
301096 3 1
301096 4 0
301096 5 1
301096 6 0
301096 7 0
301096 8 0
301096 9 0
301096 10 0
301096 11 0
301096 12 0
301096 13 1
301096 14 1
301096 15 1
301096 16 1
301970 1 0
301970 2 0
301970 3 0
301970 4 0
301970 5 0
301970 6 0
301970 7 0
301970 8 0
301970 9 0
301970 10 0
301970 11 0
301970 12 0
301970 13 0
301970 14 0
301970 15 0
301970 16 0
302815 1 0
302815 2 0
302815 3 0
302815 4 0
302815 5 0
302815 6 0
302815 7 0
302815 8 0
302815 9 0
302815 10 0
302815 11 0
302815 12 0
302815 13 1
302815 14 1
302815 15 1
302815 16 1
303659 1 0
303659 2 0
303659 3 0
303659 4 0
303659 5 0
303659 6 1
303659 7 0
303659 8 0
303659 9 0
303659 10 0
303659 11 0
303659 12 0
303659 13 1
303659 14 1
303659 15 1
303659 16 1
304526 1 0
304526 2 1
304526 3 0
304526 4 0
304526 5 0
304526 6 1
304526 7 0
304526 8 0
304526 9 0
304526 10 0
304526 11 0
304526 12 0
304526 13 1
304526 14 1
304526 15 1
304526 16 1
305363 1 0
305363 2 0
305363 3 0
305363 4 0
305363 5 0
305363 6 0
305363 7 0
305363 8 0
305363 9 0
305363 10 0
305363 11 0
305363 12 0
305363 13 0
305363 14 0
305363 15 0
305363 16 0
306244 1 1
306244 2 1
306244 3 1
306244 4 1
306244 5 1
306244 6 1
306244 7 1
306244 8 1
306244 9 1
306244 10 1
306244 11 1
306244 12 1
306244 13 1
306244 14 1
306244 15 1
306244 16 1
307133 1 0
307133 2 0
307133 3 0
307133 4 0
307133 5 0
307133 6 0
307133 7 0
307133 8 0
307133 9 0
307133 10 0
307133 11 0
307133 12 0
307133 13 0
307133 14 0
307133 15 0
307133 16 0
307993 1 1
307993 2 1
307993 3 1
307993 4 1
307993 5 1
307993 6 1
307993 7 1
307993 8 1
307993 9 1
307993 10 1
307993 11 1
307993 12 1
307993 13 1
307993 14 1
307993 15 1
307993 16 1
308822 1 0
308822 2 0
308822 3 0
308822 4 0
308822 5 0
308822 6 0
308822 7 0
308822 8 0
308822 9 0
308822 10 0
308822 11 0
308822 12 0
308822 13 0
308822 14 0
308822 15 0
308822 16 0
309667 1 0
309667 2 0
309667 3 0
309667 4 0
309667 5 0
309667 6 0
309667 7 0
309667 8 0
309667 9 0
309667 10 0
309667 11 0
309667 12 0
309667 13 1
309667 14 1
309667 15 1
309667 16 1
310474 1 0
310474 2 0
310474 3 0
310474 4 1
310474 5 0
310474 6 0
310474 7 0
310474 8 0
310474 9 0
310474 10 0
310474 11 0
310474 12 0
310474 13 1
310474 14 1
310474 15 1
310474 16 1
311400 1 1
311400 2 0
311400 3 0
311400 4 1
311400 5 0
311400 6 0
311400 7 0
311400 8 0
311400 9 0
311400 10 0
311400 11 0
311400 12 0
311400 13 1
311400 14 1
311400 15 1
311400 16 1
312230 1 1
312230 2 0
312230 3 0
312230 4 1
312230 5 0
312230 6 0
312230 7 0
312230 8 0
312230 9 0
312230 10 1
312230 11 0
312230 12 0
312230 13 1
312230 14 1
312230 15 1
312230 16 1
312660 1 1
312660 2 0
312660 3 0
312660 4 1
312660 5 0
312660 6 0
312660 7 1
312660 8 0
312660 9 0
312660 10 1
312660 11 0
312660 12 0
312660 13 1
312660 14 1
312660 15 1
312660 16 1
313111 1 1
313111 2 0
313111 3 0
313111 4 1
313111 5 0
313111 6 0
313111 7 1
313111 8 0
313111 9 0
313111 10 1
313111 11 0
313111 12 1
313111 13 1
313111 14 1
313111 15 1
313111 16 1
313541 1 1
313541 2 0
313541 3 0
313541 4 1
313541 5 0
313541 6 0
313541 7 1
313541 8 1
313541 9 0
313541 10 1
313541 11 0
313541 12 1
313541 13 1
313541 14 1
313541 15 1
313541 16 1
313986 1 1
313986 2 0
313986 3 0
313986 4 1
313986 5 0
313986 6 0
313986 7 1
313986 8 1
313986 9 0
313986 10 1
313986 11 1
313986 12 1
313986 13 1
313986 14 1
313986 15 1
313986 16 1
314386 1 1
314386 2 0
314386 3 0
314386 4 1
314386 5 0
314386 6 0
314386 7 1
314386 8 1
314386 9 1
314386 10 1
314386 11 1
314386 12 1
314386 13 1
314386 14 1
314386 15 1
314386 16 1
314852 1 1
314852 2 0
314852 3 0
314852 4 1
314852 5 1
314852 6 0
314852 7 1
314852 8 1
314852 9 1
314852 10 1
314852 11 1
314852 12 1
314852 13 1
314852 14 1
314852 15 1
314852 16 1
315230 1 1
315230 2 0
315230 3 1
315230 4 1
315230 5 1
315230 6 0
315230 7 1
315230 8 1
315230 9 1
315230 10 1
315230 11 1
315230 12 1
315230 13 1
315230 14 1
315230 15 1
315230 16 1
315382 1 1
315382 2 0
315382 3 1
315382 4 1
315382 5 1
315382 6 1
315382 7 1
315382 8 1
315382 9 1
315382 10 1
315382 11 1
315382 12 1
315382 13 1
315382 14 1
315382 15 1
315382 16 1
315519 1 1
315519 2 1
315519 3 1
315519 4 1
315519 5 1
315519 6 1
315519 7 1
315519 8 1
315519 9 1
315519 10 1
315519 11 1
315519 12 1
315519 13 1
315519 14 1
315519 15 1
315519 16 1
315741 1 0
315741 2 1
315741 3 1
315741 4 0
315741 5 1
315741 6 1
315741 7 1
315741 8 1
315741 9 1
315741 10 1
315741 11 1
315741 12 1
315741 13 1
315741 14 1
315741 15 1
315741 16 1
315856 1 1
315856 2 1
315856 3 1
315856 4 1
315856 5 1
315856 6 1
315856 7 0
315856 8 1
315856 9 1
315856 10 0
315856 11 1
315856 12 1
315856 13 1
315856 14 1
315856 15 1
315856 16 1
315960 1 1
315960 2 1
315960 3 1
315960 4 1
315960 5 1
315960 6 1
315960 7 1
315960 8 0
315960 9 1
315960 10 1
315960 11 1
315960 12 0
315960 13 1
315960 14 1
315960 15 1
315960 16 1
316082 1 1
316082 2 1
316082 3 1
316082 4 1
316082 5 1
316082 6 1
316082 7 1
316082 8 1
316082 9 0
316082 10 1
316082 11 0
316082 12 1
316082 13 1
316082 14 1
316082 15 1
316082 16 1
316219 1 1
316219 2 1
316219 3 0
316219 4 1
316219 5 0
316219 6 1
316219 7 1
316219 8 1
316219 9 1
316219 10 1
316219 11 1
316219 12 1
316219 13 1
316219 14 1
316219 15 1
316219 16 1
316378 1 1
316378 2 0
316378 3 1
316378 4 1
316378 5 1
316378 6 0
316378 7 1
316378 8 1
316378 9 1
316378 10 1
316378 11 1
316378 12 1
316378 13 1
316378 14 1
316378 15 1
316378 16 1
316541 1 0
316541 2 1
316541 3 1
316541 4 0
316541 5 1
316541 6 1
316541 7 1
316541 8 1
316541 9 1
316541 10 1
316541 11 1
316541 12 1
316541 13 1
316541 14 1
316541 15 1
316541 16 1
316667 1 0
316667 2 1
316667 3 1
316667 4 0
316667 5 1
316667 6 1
316667 7 0
316667 8 1
316667 9 1
316667 10 0
316667 11 1
316667 12 1
316667 13 1
316667 14 1
316667 15 1
316667 16 1
316838 1 0
316838 2 1
316838 3 1
316838 4 0
316838 5 1
316838 6 1
316838 7 0
316838 8 0
316838 9 1
316838 10 0
316838 11 1
316838 12 0
316838 13 1
316838 14 1
316838 15 1
316838 16 1
316978 1 0
316978 2 1
316978 3 1
316978 4 0
316978 5 1
316978 6 1
316978 7 0
316978 8 0
316978 9 0
316978 10 0
316978 11 0
316978 12 0
316978 13 1
316978 14 1
316978 15 1
316978 16 1
317119 1 0
317119 2 1
317119 3 0
317119 4 0
317119 5 0
317119 6 1
317119 7 0
317119 8 0
317119 9 0
317119 10 0
317119 11 0
317119 12 0
317119 13 1
317119 14 1
317119 15 1
317119 16 1
317249 1 0
317249 2 0
317249 3 0
317249 4 0
317249 5 0
317249 6 0
317249 7 0
317249 8 0
317249 9 0
317249 10 0
317249 11 0
317249 12 0
317249 13 0
317249 14 0
317249 15 0
317249 16 0
317393 1 1
317393 2 1
317393 3 1
317393 4 1
317393 5 1
317393 6 1
317393 7 1
317393 8 1
317393 9 1
317393 10 1
317393 11 1
317393 12 1
317393 13 1
317393 14 1
317393 15 1
317393 16 1